// !LOCNS:galactic_war
define([], function () {
    return [
        {
            "name": "Annihilation",
            "mass": 50000,
            "position": [20000.001953125, -0.17468130588531494],
            "velocity": [0.0013706431491300464, 157.72007751464844],
            "required_thrust_to_move": 0,
            "starting_planet": true,
            "respawn": false,
            "start_destroyed": false,
            "min_spawn_delay": 0,
            "max_spawn_delay": 0,
            "generator": {
                "seed": 1658563968,
                "radius": 400,
                "heightRange": 20,
                "waterHeight": 34,
                "waterDepth": 100,
                "temperature": 80,
                "metalDensity": 0,
                "metalClusters": 0,
                "metalSpotLimit": -1,
                "biomeScale": 50,
                "biome": "tropical",
                "symmetryType": "none",
                "symmetricalMetal": false,
                "symmetricalStarts": false,
                "numArmies": 2,
                "landingZonesPerArmy": 0,
                "landingZoneSize": 0
            },
            "planetCSG": [
                {
                    "weight": [
                        1,
                        1,
                        1,
                        1
                    ],
                    "spec": "/pa/terrain/jungle/brushes/jungle_volcano_06.json",
                    "proj": "BP_Bend",
                    "transform": [
                        -0.14193454384803772,
                        -0.1723834127187729,
                        -0.9747504591941833,
                        -389.88958740234375,
                        0.9179257154464722,
                        -0.3914864659309387,
                        -0.06442631781101227,
                        -25.769826889038086,
                        -0.37049561738967896,
                        -0.9038928747177124,
                        0.2138006091117859,
                        85.5179214477539
                    ],
                    "op": "BO_Add",
                    "rotation": 2.0257976055145264,
                    "scale": [
                        1,
                        1,
                        1
                    ],
                    "height": 399.9891357421875,
                    "position": [
                        -389.8896179199219,
                        -25.769826889038086,
                        85.51787567138672
                    ],
                    "weightHard": false,
                    "weightScale": [
                        1,
                        1,
                        1
                    ],
                    "mirrored": false,
                    "twinId": 0,
                    "flooded": false,
                    "pathable": false,
                    "mergeable": false,
                    "no_features": false
                },
                {
                    "weight": [
                        1,
                        1,
                        1,
                        1
                    ],
                    "spec": "/pa/terrain/jungle/brushes/jungle_volcano_06.json",
                    "proj": "BP_Bend",
                    "transform": [
                        -0.4897449016571045,
                        -0.8106538653373718,
                        -0.3209209442138672,
                        -128.39700317382812,
                        0.8656964898109436,
                        -0.4958494007587433,
                        -0.06857817620038986,
                        -27.437387466430664,
                        -0.10353530198335648,
                        -0.3114059567451477,
                        0.94461989402771,
                        377.9322204589844
                    ],
                    "op": "BO_Add",
                    "rotation": 2.1023013591766357,
                    "scale": [
                        1,
                        1,
                        1
                    ],
                    "height": 400.0892028808594,
                    "position": [
                        -128.3970184326172,
                        -27.43739128112793,
                        377.93231201171875
                    ],
                    "weightHard": false,
                    "weightScale": [
                        1,
                        1,
                        1
                    ],
                    "mirrored": false,
                    "twinId": 0,
                    "flooded": false,
                    "pathable": false,
                    "mergeable": false,
                    "no_features": false
                }
            ],
            "metal_spots": [
                [
                    -34.85223388671875,
                    -201.16665649414062,
                    342.4127197265625
                ],
                [
                    -74.13641357421875,
                    -199.65658569335938,
                    336.8663330078125
                ],
                [
                    293.50836181640625,
                    -228.77102661132812,
                    -130.38180541992188
                ],
                [
                    272.46063232421875,
                    -255.5065460205078,
                    -125.72879028320312
                ],
                [
                    246.517333984375,
                    -266.014404296875,
                    -152.40264892578125
                ],
                [
                    259.8897705078125,
                    -231.14907836914062,
                    -184.03598022460938
                ],
                [
                    310.389404296875,
                    -190.72061157226562,
                    -151.0089111328125
                ],
                [
                    219.46051025390625,
                    -127.48683166503906,
                    -302.14764404296875
                ],
                [
                    177.32791137695312,
                    -144.67291259765625,
                    -320.62982177734375
                ],
                [
                    178.6683349609375,
                    -101.97697448730469,
                    -336.87042236328125
                ],
                [
                    128.61517333984375,
                    -119.99783325195312,
                    -352.52728271484375
                ],
                [
                    65.80260467529297,
                    -296.6463317871094,
                    -247.34320068359375
                ],
                [
                    14.458805084228516,
                    -302.2607727050781,
                    -247.89044189453125
                ],
                [
                    42.87983703613281,
                    -257.7917175292969,
                    -291.242919921875
                ],
                [
                    74.82743835449219,
                    -219.67431640625,
                    -315.7926025390625
                ],
                [
                    -21.509876251220703,
                    -194.839111328125,
                    -340.1729736328125
                ],
                [
                    373.663330078125,
                    -27.59576416015625,
                    -124.84591674804688
                ],
                [
                    381.37091064453125,
                    -37.74769592285156,
                    -94.5245361328125
                ],
                [
                    376.343505859375,
                    18.52935791015625,
                    -120.29275512695312
                ],
                [
                    361.55157470703125,
                    -38.13304138183594,
                    -155.0096435546875
                ]
            ],
            "landing_zones": {
                "list": [
                    [
                        299.83837890625,
                        208.43209838867188,
                        -172.4832763671875
                    ]
                ],
                "rules": [
                    {
                        "min": 0,
                        "max": 10
                    },
                    {
                        "min": 0,
                        "max": 10
                    }
                ]
            }
        },
        {
            "name": "Hammer",
            "mass": 5000,
            "position": [22500, 0],
            "velocity": [0.023480122908949852, -158.50779724121094],
            "required_thrust_to_move": 1,
            "starting_planet": false,
            "respawn": false,
            "start_destroyed": false,
            "min_spawn_delay": 0,
            "max_spawn_delay": 0,
            "generator": {
                "seed": 1220924928,
                "radius": 250,
                "heightRange": 0,
                "waterHeight": 0,
                "waterDepth": 0,
                "temperature": 0,
                "metalDensity": 0,
                "metalClusters": 0,
                "metalSpotLimit": -1,
                "biomeScale": 50,
                "biome": "moon",
                "symmetryType": "none",
                "symmetricalMetal": false,
                "symmetricalStarts": false,
                "numArmies": 2,
                "landingZonesPerArmy": 0,
                "landingZoneSize": 0
            }
        },
        {
            "name": "Nail",
            "mass": 10000,
            "position": [0, -15000],
            "velocity": [-182.57418823242188, -0.000007980571353982668],
            "required_thrust_to_move": 0,
            "starting_planet": true,
            "respawn": false,
            "start_destroyed": false,
            "min_spawn_delay": 0,
            "max_spawn_delay": 0,
            "generator": {
                "seed": 817899136,
                "radius": 500,
                "heightRange": 15.000000953674316,
                "waterHeight": 65,
                "waterDepth": 65,
                "temperature": 0,
                "metalDensity": 0,
                "metalClusters": 0,
                "metalSpotLimit": -1,
                "biomeScale": 50,
                "biome": "earth",
                "symmetryType": "none",
                "symmetricalMetal": false,
                "symmetricalStarts": false,
                "numArmies": 2,
                "landingZonesPerArmy": 0,
                "landingZoneSize": 0
            },
            "planetCSG":
            [
                {
                    "weight": [
                        1,
                        1,
                        1,
                        1
                    ],
                    "spec": "/pa/terrain/ice/brushes/ice_cliff_06.json",
                    "proj": "BP_Bend",
                    "transform": [
                        0.725387454032898,
                        -0.2665092349052429,
                        0.63465416431427,
                        324.7295227050781,
                        -0.05668757110834122,
                        0.8957443833351135,
                        0.44094040989875793,
                        225.61322021484375,
                        -0.6860026121139526,
                        -0.3558296263217926,
                        0.6346539855003357,
                        324.72943115234375
                    ],
                    "op": "BO_Add",
                    "rotation": 0.12871357798576355,
                    "scale": [
                        1,
                        1,
                        1
                    ],
                    "height": 511.66375732421875,
                    "position": [
                        324.7295227050781,
                        225.6132354736328,
                        324.7294921875
                    ],
                    "weightHard": false,
                    "weightScale": [
                        1,
                        1,
                        1
                    ],
                    "mirrored": false,
                    "twinId": 0,
                    "flooded": false,
                    "pathable": false,
                    "mergeable": false,
                    "no_features": false
                },
                {
                    "weight": [
                        1,
                        1,
                        1,
                        1
                    ],
                    "spec": "/pa/terrain/ice/brushes/ice_cliff_04.json",
                    "proj": "BP_Bend",
                    "transform": [
                        0.7856910824775696,
                        0.6181024312973022,
                        -0.0252756979316473,
                        -13.023889541625977,
                        -0.6177823543548584,
                        0.7818487286567688,
                        -0.08400919288396835,
                        -43.28768539428711,
                        -0.03216451779007912,
                        0.08162015676498413,
                        0.9961443543434143,
                        513.2864990234375
                    ],
                    "op": "BO_Add",
                    "rotation": 5.615543365478516,
                    "scale": [
                        1,
                        1,
                        1
                    ],
                    "height": 515.273193359375,
                    "position": [
                        -13.02388858795166,
                        -43.287681579589844,
                        513.2864990234375
                    ],
                    "weightHard": false,
                    "weightScale": [
                        1,
                        1,
                        1
                    ],
                    "mirrored": false,
                    "twinId": 0,
                    "flooded": false,
                    "pathable": false,
                    "mergeable": false,
                    "no_features": false
                },
                {
                    "weight": [
                        1,
                        1,
                        1,
                        1
                    ],
                    "spec": "/pa/terrain/ice/brushes/ice_cliff_02.json",
                    "proj": "BP_Bend",
                    "transform": [
                        -0.7429565191268921,
                        -0.24781028926372528,
                        -0.6217762231826782,
                        -315.9107360839844,
                        -0.2758718430995941,
                        -0.7330000400543213,
                        0.6217762231826782,
                        315.9107360839844,
                        -0.6098445653915405,
                        0.6334832906723022,
                        0.4762232005596161,
                        241.95846557617188
                    ],
                    "op": "BO_Add",
                    "rotation": 3.1606028079986572,
                    "scale": [
                        1,
                        1,
                        1
                    ],
                    "height": 508.07781982421875,
                    "position": [
                        -315.9107666015625,
                        315.9107666015625,
                        241.95849609375
                    ],
                    "weightHard": false,
                    "weightScale": [
                        1,
                        1,
                        1
                    ],
                    "mirrored": false,
                    "twinId": 0,
                    "flooded": false,
                    "pathable": false,
                    "mergeable": false,
                    "no_features": false
                },
                {
                    "weight": [
                        1,
                        1,
                        1,
                        1
                    ],
                    "spec": "/pa/terrain/ice/brushes/ice_cliff_04.json",
                    "proj": "BP_Bend",
                    "transform": [
                        0.6830860376358032,
                        0.36817654967308044,
                        0.6307452321052551,
                        320.2290954589844,
                        -0.5194413065910339,
                        0.8520142436027527,
                        0.06521078199148178,
                        33.107486724853516,
                        -0.513394832611084,
                        -0.37217968702316284,
                        0.773245096206665,
                        392.5762023925781
                    ],
                    "op": "BO_Add",
                    "rotation": 5.758938312530518,
                    "scale": [
                        1,
                        1,
                        1
                    ],
                    "height": 507.6995849609375,
                    "position": [
                        320.2291259765625,
                        33.10749053955078,
                        392.57623291015625
                    ],
                    "weightHard": false,
                    "weightScale": [
                        1,
                        1,
                        1
                    ],
                    "mirrored": false,
                    "twinId": 0,
                    "flooded": false,
                    "pathable": false,
                    "mergeable": false,
                    "no_features": false
                },
                {
                    "weight": [
                        1,
                        1,
                        1,
                        1
                    ],
                    "spec": "/pa/terrain/ice/brushes/ice_cliff_02.json",
                    "proj": "BP_Bend",
                    "transform": [
                        -0.9401198029518127,
                        0.33970487117767334,
                        -0.027845922857522964,
                        -14.141830444335938,
                        -0.06891913712024689,
                        -0.10944858193397522,
                        0.9916003346443176,
                        503.5941162109375,
                        0.33380377292633057,
                        0.9341421723365784,
                        0.12630695104599,
                        64.14624786376953
                    ],
                    "op": "BO_Add",
                    "rotation": 3.5128633975982666,
                    "scale": [
                        1,
                        1,
                        1
                    ],
                    "height": 507.8599853515625,
                    "position": [
                        -14.141830444335938,
                        503.5941162109375,
                        64.14629364013672
                    ],
                    "weightHard": false,
                    "weightScale": [
                        1,
                        1,
                        1
                    ],
                    "mirrored": false,
                    "twinId": 0,
                    "flooded": false,
                    "pathable": false,
                    "mergeable": false,
                    "no_features": false
                },
                {
                    "weight": [
                        1,
                        1,
                        1,
                        1
                    ],
                    "spec": "/pa/terrain/ice/brushes/ice_cliff_02.json",
                    "proj": "BP_Bend",
                    "transform": [
                        -0.32244306802749634,
                        -0.8712159395217896,
                        -0.3701530992984772,
                        -188.32623291015625,
                        0.9237150549888611,
                        -0.37504148483276367,
                        0.07806655019521713,
                        39.71864318847656,
                        -0.20683559775352478,
                        -0.31674402952194214,
                        0.9256846904754639,
                        470.96917724609375
                    ],
                    "op": "BO_Add",
                    "rotation": 1.9414242506027222,
                    "scale": [
                        1,
                        1,
                        1
                    ],
                    "height": 508.77923583984375,
                    "position": [
                        -188.3262481689453,
                        39.71864700317383,
                        470.9692077636719
                    ],
                    "weightHard": false,
                    "weightScale": [
                        1,
                        1,
                        1
                    ],
                    "mirrored": false,
                    "twinId": 0,
                    "flooded": false,
                    "pathable": false,
                    "mergeable": false,
                    "no_features": false
                },
                {
                    "weight": [
                        1,
                        1,
                        1,
                        1
                    ],
                    "spec": "/pa/terrain/ice/brushes/ice_cliff_04.json",
                    "proj": "BP_Bend",
                    "transform": [
                        0.3038899898529053,
                        0.8477979302406311,
                        -0.43461424112319946,
                        -220.19483947753906,
                        -0.07741439342498779,
                        0.4766542911529541,
                        0.8756755590438843,
                        443.6560363769531,
                        0.9495566487312317,
                        -0.23246362805366516,
                        0.21048223972320557,
                        106.63963317871094
                    ],
                    "op": "BO_Add",
                    "rotation": 5.413177967071533,
                    "scale": [
                        1,
                        1,
                        1
                    ],
                    "height": 506.6443176269531,
                    "position": [
                        -220.19480895996094,
                        443.656005859375,
                        106.63970947265625
                    ],
                    "weightHard": false,
                    "weightScale": [
                        1,
                        1,
                        1
                    ],
                    "mirrored": false,
                    "twinId": 0,
                    "flooded": false,
                    "pathable": false,
                    "mergeable": false,
                    "no_features": false
                },
                {
                    "weight": [
                        1,
                        1,
                        1,
                        1
                    ],
                    "spec": "/pa/terrain/ice/brushes/ice_cliff_04.json",
                    "proj": "BP_Bend",
                    "transform": [
                        0.6322668790817261,
                        -0.6858339905738831,
                        0.3603751063346863,
                        183.6226348876953,
                        0.6283470392227173,
                        0.7260504961013794,
                        0.2793395519256592,
                        142.3324432373047,
                        -0.4532310962677002,
                        0.04982347786426544,
                        0.8899995684623718,
                        453.4832458496094
                    ],
                    "op": "BO_Add",
                    "rotation": 0.7688846588134766,
                    "scale": [
                        1,
                        1,
                        1
                    ],
                    "height": 509.531982421875,
                    "position": [
                        183.6226348876953,
                        142.33241271972656,
                        453.48321533203125
                    ],
                    "weightHard": false,
                    "weightScale": [
                        1,
                        1,
                        1
                    ],
                    "mirrored": false,
                    "twinId": 0,
                    "flooded": false,
                    "pathable": false,
                    "mergeable": false,
                    "no_features": false
                },
                {
                    "weight": [
                        1,
                        1,
                        1,
                        1
                    ],
                    "spec": "/pa/terrain/ice/brushes/ice_cliff_03.json",
                    "proj": "BP_Bend",
                    "transform": [
                        0.8888751268386841,
                        0.11507120728492737,
                        0.4434632956981659,
                        224.9995880126953,
                        -0.44854289293289185,
                        0.021393656730651855,
                        0.8935052156448364,
                        453.33697509765625,
                        0.09332942962646484,
                        -0.9931268692016602,
                        0.07063066959381104,
                        35.83582305908203
                    ],
                    "op": "BO_Add",
                    "rotation": 5.728786945343018,
                    "scale": [
                        1,
                        1,
                        1
                    ],
                    "height": 507.369140625,
                    "position": [
                        224.99960327148438,
                        453.3370056152344,
                        35.835792541503906
                    ],
                    "weightHard": false,
                    "weightScale": [
                        1,
                        1,
                        1
                    ],
                    "mirrored": false,
                    "twinId": 0,
                    "flooded": false,
                    "pathable": false,
                    "mergeable": false,
                    "no_features": false
                },
                {
                    "weight": [
                        1,
                        1,
                        1,
                        1
                    ],
                    "spec": "/pa/terrain/ice/brushes/ice_cliff_01.json",
                    "proj": "BP_Bend",
                    "transform": [
                        -0.6706356406211853,
                        -0.7278972864151001,
                        -0.1428753286600113,
                        -73.48746490478516,
                        0.4762979745864868,
                        -0.5702084302902222,
                        0.6693300008773804,
                        344.2677307128906,
                        -0.5686721801757812,
                        0.38082534074783325,
                        0.7290981411933899,
                        375.0093078613281
                    ],
                    "op": "BO_Add",
                    "rotation": 2.371182441711426,
                    "scale": [
                        1,
                        1,
                        1
                    ],
                    "height": 514.3468017578125,
                    "position": [
                        -73.4874496459961,
                        344.2676696777344,
                        375.0093078613281
                    ],
                    "weightHard": false,
                    "weightScale": [
                        1,
                        1,
                        1
                    ],
                    "mirrored": false,
                    "twinId": 0,
                    "flooded": false,
                    "pathable": false,
                    "mergeable": false,
                    "no_features": false
                },
                {
                    "weight": [
                        1,
                        1,
                        1,
                        1
                    ],
                    "spec": "/pa/terrain/ice/brushes/ice_cliff_02.json",
                    "proj": "BP_Bend",
                    "transform": [
                        0.7541388273239136,
                        0.18064886331558228,
                        -0.6313799619674683,
                        -320.40887451171875,
                        0.0643065795302391,
                        0.9364873170852661,
                        0.3447551131248474,
                        174.95423889160156,
                        0.6535589694976807,
                        -0.30059510469436646,
                        0.6946246027946472,
                        352.5038757324219
                    ],
                    "op": "BO_Add",
                    "rotation": 6.2144775390625,
                    "scale": [
                        1,
                        1,
                        1
                    ],
                    "height": 507.47393798828125,
                    "position": [
                        -320.4088439941406,
                        174.9542236328125,
                        352.5038757324219
                    ],
                    "weightHard": false,
                    "weightScale": [
                        1,
                        1,
                        1
                    ],
                    "mirrored": false,
                    "twinId": 0,
                    "flooded": false,
                    "pathable": false,
                    "mergeable": false,
                    "no_features": false
                },
                {
                    "weight": [
                        1,
                        1,
                        1,
                        1
                    ],
                    "spec": "/pa/terrain/ice/brushes/ice_cliff_03.json",
                    "proj": "BP_Bend",
                    "transform": [
                        -0.2945942282676697,
                        -0.05865864083170891,
                        -0.9538202285766602,
                        -484.3039855957031,
                        -0.27116310596466064,
                        0.9622195959091187,
                        0.024575475603342056,
                        12.478243827819824,
                        0.9163429737091064,
                        0.26588067412376404,
                        -0.2993704080581665,
                        -152.00587463378906
                    ],
                    "op": "BO_Add",
                    "rotation": 5.9750261306762695,
                    "scale": [
                        1,
                        1,
                        1
                    ],
                    "height": 507.7518615722656,
                    "position": [
                        -484.3040771484375,
                        12.478245735168457,
                        -152.00596618652344
                    ],
                    "weightHard": false,
                    "weightScale": [
                        1,
                        1,
                        1
                    ],
                    "mirrored": false,
                    "twinId": 0,
                    "flooded": false,
                    "pathable": false,
                    "mergeable": false,
                    "no_features": false
                },
                {
                    "weight": [
                        1,
                        1,
                        1,
                        1
                    ],
                    "spec": "/pa/terrain/ice/brushes/ice_cliff_04.json",
                    "proj": "BP_Bend",
                    "transform": [
                        0.03604443371295929,
                        -0.9842783808708191,
                        -0.17290721833705902,
                        -88.81456756591797,
                        0.9698097109794617,
                        -0.007305363193154335,
                        0.243753582239151,
                        125.20511627197266,
                        -0.2411845177412033,
                        -0.17647305130958557,
                        0.9542993903160095,
                        490.1801452636719
                    ],
                    "op": "BO_Add",
                    "rotation": 1.556090235710144,
                    "scale": [
                        1,
                        1,
                        1
                    ],
                    "height": 513.6544799804688,
                    "position": [
                        -88.81455993652344,
                        125.20510864257812,
                        490.18011474609375
                    ],
                    "weightHard": false,
                    "weightScale": [
                        1,
                        1,
                        1
                    ],
                    "mirrored": false,
                    "twinId": 0,
                    "flooded": false,
                    "pathable": false,
                    "mergeable": false,
                    "no_features": false
                },
                {
                    "weight": [
                        1,
                        1,
                        1,
                        1
                    ],
                    "spec": "/pa/terrain/ice/brushes/ice_cliff_02.json",
                    "proj": "BP_Bend",
                    "transform": [
                        0.6222386956214905,
                        0.7334219217300415,
                        0.2736993134021759,
                        139.28514099121094,
                        -0.48224127292633057,
                        0.0837106853723526,
                        0.872029721736908,
                        443.7745361328125,
                        0.616654098033905,
                        -0.6745997667312622,
                        0.4057743549346924,
                        206.4979248046875
                    ],
                    "op": "BO_Add",
                    "rotation": 5.238504886627197,
                    "scale": [
                        1,
                        1,
                        1
                    ],
                    "height": 508.8984069824219,
                    "position": [
                        139.28517150878906,
                        443.77459716796875,
                        206.49795532226562
                    ],
                    "weightHard": false,
                    "weightScale": [
                        1,
                        1,
                        1
                    ],
                    "mirrored": false,
                    "twinId": 0,
                    "flooded": false,
                    "pathable": false,
                    "mergeable": false,
                    "no_features": false
                },
                {
                    "weight": [
                        1,
                        1,
                        1,
                        1
                    ],
                    "spec": "/pa/terrain/ice/brushes/ice_cliff_01.json",
                    "proj": "BP_Bend",
                    "transform": [
                        0.7778043150901794,
                        0.1595487743616104,
                        0.6079183220863342,
                        310.967041015625,
                        -0.5852135419845581,
                        0.5366194844245911,
                        0.6079183220863342,
                        310.967041015625,
                        -0.22922822833061218,
                        -0.8286035060882568,
                        0.5107550621032715,
                        261.2653503417969
                    ],
                    "op": "BO_Add",
                    "rotation": 5.767681121826172,
                    "scale": [
                        1,
                        1,
                        1
                    ],
                    "height": 511.5276794433594,
                    "position": [
                        310.96697998046875,
                        310.96697998046875,
                        261.265380859375
                    ],
                    "weightHard": false,
                    "weightScale": [
                        1,
                        1,
                        1
                    ],
                    "mirrored": false,
                    "twinId": 0,
                    "flooded": false,
                    "pathable": false,
                    "mergeable": false,
                    "no_features": false
                },
                {
                    "weight": [
                        1,
                        1,
                        1,
                        1
                    ],
                    "spec": "/pa/terrain/ice/brushes/ice_cliff_01.json",
                    "proj": "BP_Bend",
                    "transform": [
                        -0.7590289115905762,
                        -0.6507541537284851,
                        0.019852861762046814,
                        10.165453910827637,
                        0.4709008038043976,
                        -0.5276830792427063,
                        0.7069674730300903,
                        361.99542236328125,
                        -0.44958606362342834,
                        0.5459575057029724,
                        0.706967294216156,
                        361.9953308105469
                    ],
                    "op": "BO_Add",
                    "rotation": 2.4246222972869873,
                    "scale": [
                        1,
                        1,
                        1
                    ],
                    "height": 512.0396728515625,
                    "position": [
                        10.16545295715332,
                        361.9953918457031,
                        361.9953308105469
                    ],
                    "weightHard": false,
                    "weightScale": [
                        1,
                        1,
                        1
                    ],
                    "mirrored": false,
                    "twinId": 0,
                    "flooded": false,
                    "pathable": false,
                    "mergeable": false,
                    "no_features": false
                },
                {
                    "weight": [
                        1,
                        1,
                        1,
                        1
                    ],
                    "spec": "/pa/terrain/ice/brushes/ice_cliff_03.json",
                    "proj": "BP_Bend",
                    "transform": [
                        -0.9586037397384644,
                        -0.28405067324638367,
                        0.019852863624691963,
                        10.165453910827637,
                        0.21435335278511047,
                        -0.6739804148674011,
                        0.7069675326347351,
                        361.99542236328125,
                        -0.18743416666984558,
                        0.6819572448730469,
                        0.7069673538208008,
                        361.9953308105469
                    ],
                    "op": "BO_Add",
                    "rotation": 2.8452939987182617,
                    "scale": [
                        1,
                        1,
